skips: {'source swap not in pool logs (routed elsewhere)': 153, 'no pre-state': 14}
simulated source buys: 699  rows: 18870  gas/tx $0.66
median output-side hook tax: 0.0  median lp fee: 0.0

ENTRY DRIFT (token price at follower entry state vs source post-trade price), S=$100
       n  median    mean     p90
d                               
0    699  0.0000  0.0000  0.0000
1    699  0.0000 -0.0003  0.0000
3    699  0.0000  0.0129  0.0076
5    699  0.0000  0.0076  0.0153
10   699  0.0000  0.0036  0.0193
20   699  0.0000  0.0016  0.0278
50   699  0.0000  0.0025  0.0499
150  699  0.0000  0.0038  0.0868
600  698  0.0003  0.0210  0.1676

MIRROR-EXIT follower net return, S=$100
       n    mean  median     win  trim5_mean
d                                           
0    563  0.2108 -0.2214  0.2918     -0.0632
1    563  0.2113 -0.2214  0.2918     -0.0628
3    564  0.2003 -0.2245  0.2947     -0.0513
5    564  0.1900 -0.2154  0.2990     -0.0463
10   564  0.2170 -0.2140  0.2990     -0.0422
20   564  0.2319 -0.2047  0.3033     -0.0374
50   564  0.2193 -0.2180  0.2976     -0.0343
150  564  0.1924 -0.2251  0.2961     -0.0262
600  564  0.1872 -0.2756  0.2937     -0.0374

MIRROR-EXIT follower net return, S=$500
       n    mean  median     win  trim5_mean
d                                           
0    563  0.2023 -0.2306  0.2918     -0.0654
1    563  0.2029 -0.2306  0.2933     -0.0645
3    564  0.1934 -0.2322  0.2947     -0.0538
5    564  0.1834 -0.2272  0.2990     -0.0472
10   564  0.2096 -0.2201  0.2990     -0.0447
20   564  0.2240 -0.2097  0.3033     -0.0402
50   564  0.2122 -0.2289  0.3004     -0.0351
150  564  0.1864 -0.2330  0.2961     -0.0279
600  564  0.1818 -0.2769  0.2923     -0.0368

MIRROR-EXIT follower net return, S=$2000
       n    mean  median     win  trim5_mean
d                                           
0    563  0.1450 -0.2936  0.2775     -0.1021
1    563  0.1457 -0.2887  0.2804     -0.1011
3    564  0.1403 -0.2802  0.2833     -0.0925
5    564  0.1312 -0.2782  0.2833     -0.0876
10   564  0.1547 -0.2773  0.2833     -0.0791
20   564  0.1677 -0.2728  0.2861     -0.0752
50   564  0.1583 -0.2809  0.2804     -0.0733
150  564  0.1363 -0.2936  0.2732     -0.0611
600  564  0.1335 -0.3243  0.2751     -0.0649

Source's own round trip on the same trades (tape prices, before gas): {'count': 563.0, 'mean': -0.1067, 'std': 0.9645, 'min': -0.9996, '25%': -0.5766, '50%': -0.1552, '75%': 0.0783, 'max': 13.341}

FIXED 1m exit, S=$500
       n    mean  median     win  trim5_mean
d                                           
0    699 -0.0229 -0.0166  0.3019     -0.0283
1    699 -0.0222 -0.0165  0.3033     -0.0283
3    699 -0.0305 -0.0171  0.2990     -0.0326
5    699 -0.0286 -0.0165  0.3104     -0.0298
10   699 -0.0244 -0.0154  0.3176     -0.0248
20   699 -0.0225 -0.0145  0.3262     -0.0245
50   699 -0.0163 -0.0148  0.3333     -0.0201
150  699 -0.0164 -0.0139  0.3262     -0.0210
600  698 -0.0244 -0.0165  0.2779     -0.0242

FIXED 5m exit, S=$500
       n    mean  median     win  trim5_mean
d                                           
0    699  0.0318 -0.0154  0.3820      0.0088
1    699  0.0317 -0.0150  0.3906      0.0095
3    699  0.0229 -0.0155  0.3834     -0.0002
5    699  0.0249 -0.0147  0.3891      0.0030
10   699  0.0263 -0.0147  0.3934      0.0043
20   699  0.0280 -0.0143  0.4020      0.0052
50   699  0.0283 -0.0142  0.4034      0.0077
150  699  0.0280 -0.0163  0.3763      0.0060
600  698  0.0219 -0.0211  0.3596     -0.0070

FIXED 30m exit, S=$500
       n    mean  median     win  trim5_mean
d                                           
0    699  0.1404 -0.0207  0.4378      0.0364
1    699  0.1392 -0.0207  0.4406      0.0371
3    699  0.1287 -0.0215  0.4320      0.0331
5    699  0.1311 -0.0211  0.4363      0.0349
10   699  0.1350 -0.0207  0.4378      0.0393
20   699  0.1367 -0.0211  0.4335      0.0389
50   699  0.1423 -0.0215  0.4363      0.0480
150  699  0.1346 -0.0211  0.4378      0.0355
600  698  0.1226 -0.0198  0.4384      0.0274

FIXED 60m exit, S=$500
       n    mean  median     win  trim5_mean
d                                           
0    699  0.1893 -0.0393  0.4134      0.0310
1    699  0.1866 -0.0393  0.4163      0.0314
3    699  0.1800 -0.0420  0.4163      0.0316
5    699  0.1821 -0.0369  0.4177      0.0343
10   699  0.1855 -0.0351  0.4192      0.0349
20   699  0.1879 -0.0343  0.4163      0.0358
50   699  0.1944 -0.0356  0.4177      0.0374
150  699  0.1906 -0.0292  0.4149      0.0340
600  698  0.1758 -0.0350  0.4212      0.0275
