skips: {'source swap not in pool logs (routed elsewhere)': 153, 'no pre-state': 14}
simulated source buys: 699  rows: 18870  gas/tx $0.2
median output-side hook tax: 0.0  median lp fee: 0.0

ENTRY DRIFT (token price at follower entry state vs source post-trade price), S=$100
       n  median    mean     p90
d                               
0    699  0.0000  0.0000  0.0000
1    699  0.0000 -0.0003  0.0000
3    699  0.0000  0.0129  0.0076
5    699  0.0000  0.0076  0.0153
10   699  0.0000  0.0036  0.0193
20   699  0.0000  0.0016  0.0278
50   699  0.0000  0.0025  0.0499
150  699  0.0000  0.0038  0.0868
600  698  0.0003  0.0210  0.1676

MIRROR-EXIT follower net return, S=$100
       n    mean  median     win  trim5_mean
d                                           
0    563  0.2200 -0.2122  0.2976     -0.0540
1    563  0.2205 -0.2122  0.2976     -0.0536
3    564  0.2095 -0.2153  0.2990     -0.0421
5    564  0.1992 -0.2062  0.3033     -0.0371
10   564  0.2262 -0.2048  0.3033     -0.0330
20   564  0.2411 -0.1955  0.3076     -0.0282
50   564  0.2285 -0.2088  0.3004     -0.0251
150  564  0.2016 -0.2159  0.3004     -0.0170
600  564  0.1964 -0.2664  0.2966     -0.0282

MIRROR-EXIT follower net return, S=$500
       n    mean  median     win  trim5_mean
d                                           
0    563  0.2042 -0.2288  0.2947     -0.0635
1    563  0.2048 -0.2288  0.2961     -0.0626
3    564  0.1953 -0.2304  0.2976     -0.0519
5    564  0.1852 -0.2254  0.3019     -0.0454
10   564  0.2114 -0.2183  0.3004     -0.0429
20   564  0.2258 -0.2079  0.3047     -0.0383
50   564  0.2140 -0.2270  0.3004     -0.0333
150  564  0.1883 -0.2312  0.2990     -0.0261
600  564  0.1836 -0.2751  0.2923     -0.0349

MIRROR-EXIT follower net return, S=$2000
       n    mean  median     win  trim5_mean
d                                           
0    563  0.1454 -0.2931  0.2775     -0.1017
1    563  0.1462 -0.2883  0.2804     -0.1007
3    564  0.1407 -0.2797  0.2833     -0.0920
5    564  0.1317 -0.2777  0.2833     -0.0872
10   564  0.1552 -0.2768  0.2833     -0.0786
20   564  0.1681 -0.2723  0.2861     -0.0747
50   564  0.1588 -0.2804  0.2804     -0.0728
150  564  0.1368 -0.2931  0.2747     -0.0606
600  564  0.1339 -0.3238  0.2751     -0.0644

Source's own round trip on the same trades (tape prices, before gas): {'count': 563.0, 'mean': -0.1067, 'std': 0.9645, 'min': -0.9996, '25%': -0.5766, '50%': -0.1552, '75%': 0.0783, 'max': 13.341}

FIXED 1m exit, S=$500
       n    mean  median     win  trim5_mean
d                                           
0    699 -0.0210 -0.0148  0.3219     -0.0264
1    699 -0.0204 -0.0147  0.3190     -0.0265
3    699 -0.0287 -0.0153  0.3162     -0.0307
5    699 -0.0268 -0.0146  0.3247     -0.0280
10   699 -0.0225 -0.0136  0.3348     -0.0230
20   699 -0.0207 -0.0126  0.3419     -0.0226
50   699 -0.0145 -0.0129  0.3433     -0.0183
150  699 -0.0145 -0.0121  0.3362     -0.0192
600  698 -0.0226 -0.0147  0.2923     -0.0223

FIXED 5m exit, S=$500
       n    mean  median     win  trim5_mean
d                                           
0    699  0.0336 -0.0135  0.3977      0.0107
1    699  0.0335 -0.0132  0.4006      0.0113
3    699  0.0248 -0.0136  0.3934      0.0016
5    699  0.0267 -0.0129  0.3977      0.0048
10   699  0.0282 -0.0129  0.4049      0.0061
20   699  0.0298 -0.0125  0.4134      0.0071
50   699  0.0302 -0.0124  0.4134      0.0095
150  699  0.0298 -0.0144  0.3877      0.0078
600  698  0.0238 -0.0192  0.3668     -0.0051

FIXED 30m exit, S=$500
       n    mean  median     win  trim5_mean
d                                           
0    699  0.1423 -0.0188  0.4435      0.0383
1    699  0.1410 -0.0188  0.4464      0.0389
3    699  0.1306 -0.0197  0.4378      0.0349
5    699  0.1330 -0.0192  0.4421      0.0367
10   699  0.1369 -0.0188  0.4449      0.0412
20   699  0.1386 -0.0192  0.4392      0.0407
50   699  0.1442 -0.0197  0.4421      0.0498
150  699  0.1365 -0.0192  0.4435      0.0374
600  698  0.1244 -0.0180  0.4470      0.0293

FIXED 60m exit, S=$500
       n    mean  median     win  trim5_mean
d                                           
0    699  0.1912 -0.0375  0.4149      0.0328
1    699  0.1884 -0.0375  0.4177      0.0333
3    699  0.1819 -0.0401  0.4177      0.0334
5    699  0.1839 -0.0351  0.4192      0.0362
10   699  0.1873 -0.0333  0.4206      0.0368
20   699  0.1898 -0.0325  0.4177      0.0377
50   699  0.1963 -0.0337  0.4192      0.0393
150  699  0.1924 -0.0273  0.4177      0.0359
600  698  0.1777 -0.0332  0.4255      0.0294
